 Episode    Step   Epsilon     MeanReward     MeanLength       MeanLoss     MeanQValue      TimeDelta                Time
       1    1000     0.896    -229355.922     128000.000          2.011          0.127        858.510 2026-02-14T22:02:16
       2    2000     0.891    -232166.938     128000.000          1.987          0.161        585.941 2026-02-14T22:12:02
       3    3000     0.887    -232976.750     128000.000          1.981          0.224        590.381 2026-02-14T22:21:53
       4    4000     0.882    -234424.688     128000.000          1.990          0.288        589.373 2026-02-14T22:31:42
       5    5000     0.878    -236826.906     128000.000          2.011          0.356        589.039 2026-02-14T22:41:31
       6    6000     0.874    -238841.750     128000.000          2.029          0.431        591.422 2026-02-14T22:51:22
       7    7000     0.869    -240363.797     128000.000          2.046          0.508        589.545 2026-02-14T23:01:12
       8    8000     0.865    -241277.750     128000.000          2.058          0.583        588.453 2026-02-14T23:11:00
       9    9000     0.861    -242406.000     128000.000          2.072          0.658        594.617 2026-02-14T23:20:55
      10   10000     0.857    -243869.719     128000.000          2.090          0.734        598.810 2026-02-14T23:30:54
      11   11000     0.852    -245142.688     128000.000          2.106          0.810        597.631 2026-02-14T23:40:51
      12   12000     0.848    -246677.578     128000.000          2.124          0.883        598.876 2026-02-14T23:50:50
      13   13000     0.844    -248012.859     128000.000          2.141          0.957        602.570 2026-02-15T00:00:53
      14   14000     0.840    -248950.234     128000.000          2.155          1.030        601.513 2026-02-15T00:10:54
      15   15000     0.836    -249902.109     128000.000          2.170          1.105        598.799 2026-02-15T00:20:53
      16   16000     0.832    -250816.938     128000.000          2.184          1.181        597.762 2026-02-15T00:30:51
      17   17000     0.827    -251672.297     128000.000          2.197          1.255        602.163 2026-02-15T00:40:53
      18   18000     0.823    -252543.938     128000.000          2.211          1.329        604.276 2026-02-15T00:50:57
      19   19000     0.819    -253697.766     128000.000          2.228          1.402        603.332 2026-02-15T01:01:01
      20   20000     0.815    -254847.031     128000.000          2.244          1.477        603.384 2026-02-15T01:11:04
      21   21000     0.811    -255920.875     128000.000          2.260          1.553        604.425 2026-02-15T01:21:08
      22   22000     0.807    -256993.609     128000.000          2.277          1.631        609.108 2026-02-15T01:31:18
      23   23000     0.803    -258120.797     128000.000          2.294          1.710        605.676 2026-02-15T01:41:23
      24   24000     0.799    -259021.625     128000.000          2.309          1.787        607.589 2026-02-15T01:51:31
      25   25000     0.795    -259928.812     128000.000          2.324          1.864        607.885 2026-02-15T02:01:39
      26   26000     0.792    -261092.000     128000.000          2.341          1.939        610.049 2026-02-15T02:11:49
      27   27000     0.788    -262010.312     128000.000          2.356          2.013        606.202 2026-02-15T02:21:55
      28   28000     0.784    -263110.531     128000.000          2.373          2.086        604.516 2026-02-15T02:32:00
      29   29000     0.780    -264235.344     128000.000          2.390          2.159        609.218 2026-02-15T02:42:09
      30   30000     0.776    -265227.531     128000.000          2.405          2.230        611.170 2026-02-15T02:52:20
